      
   9999            9999   9999999999999999999       99999999                 TTTTTTTTTTT             
   99999          99999   9999999999999999999    99999j  099999            TTTX       TTT            
   999999        99g999           999          9999          999w         TTT                        
   999 999      999 999           999         9999            999        TTT                         
   999  999    999  999           999         999              999      WTT                          
   999   999  999   999           999         999              999      hTT          rTTTTT          
   999    999999    999           999         999              999       TTTTU   TTTTTTTTTTTT        
   999     9999     999           999         999              999         TTTTTTTTp       TT        
   999      99      999           999         999             999a                        TTT        
   999              999           999          999           0999                        TTT         
   999              999           999           9999y      99999                     5TTTT2          
   999              999           999             99999999999l           TTTTTTTTTTTTTTT             
